{
 "cells": [
  {
   "attachments": {},
   "cell_type": "markdown",
   "metadata": {},
   "source": [
    "# Exploration of OthelloGPT"
   ]
  },
  {
   "cell_type": "code",
   "execution_count": 1,
   "metadata": {},
   "outputs": [
    {
     "name": "stdout",
     "output_type": "stream",
     "text": [
      "pytorch_lightning not working. Cannot train probes.\n"
     ]
    }
   ],
   "source": [
    "%load_ext autoreload\n",
    "%autoreload 2\n",
    "\n",
    "import os\n",
    "\n",
    "os.environ[\"ACCELERATE_DISABLE_RICH\"] = \"1\"\n",
    "# os.environ[\"TORCH_USE_CUDA_DSA\"] = \"1\"\n",
    "# os.environ[\"CUDA_LAUNCH_BLOCKING\"] = \"1\"\n",
    "\n",
    "from functools import partial\n",
    "from typing import Tuple, Union, Dict\n",
    "\n",
    "from circuitsvis.attention import attention_patterns\n",
    "import einops\n",
    "import pandas as pd\n",
    "import plotly.express as px\n",
    "import torch as t\n",
    "import transformer_lens.utils as utils\n",
    "import wandb\n",
    "from jaxtyping import Float, Int\n",
    "from neel_plotly import line\n",
    "from torch import Tensor\n",
    "from transformer_lens import (\n",
    "    HookedTransformer,\n",
    ")\n",
    "from transformer_lens.hook_points import HookPoint\n",
    "\n",
    "from plotly_utils import imshow\n",
    "\n",
    "import circuitsvis\n",
    "\n",
    "import utils as u\n",
    "from utils import *\n",
    "from plotting import *\n",
    "from probes import get_probe, get_neels_probe, ProbeTrainingArgs, LitLinearProbe\n",
    "\n",
    "from othello_world.mechanistic_interpretability.mech_interp_othello_utils import (\n",
    "    plot_single_board, )\n",
    "\n",
    "\n"
   ]
  },
  {
   "attachments": {},
   "cell_type": "markdown",
   "metadata": {},
   "source": [
    "## Setup\n",
    "\n",
    "Things that you probably always want to run."
   ]
  },
  {
   "cell_type": "code",
   "execution_count": 2,
   "metadata": {},
   "outputs": [
    {
     "name": "stdout",
     "output_type": "stream",
     "text": [
      "Moving model to device:  cpu\n",
      "Moving model to device:  cpu\n"
     ]
    }
   ],
   "source": [
    "t.set_grad_enabled(False)\n",
    "device = \"cuda\" if t.cuda.is_available() else \"cpu\"\n",
    "\n",
    "cfg, model = get_othello_gpt(device)"
   ]
  },
  {
   "cell_type": "code",
   "execution_count": 89,
   "metadata": {},
   "outputs": [
    {
     "data": {
      "application/vnd.jupyter.widget-view+json": {
       "model_id": "09df39a878d04a188b920005d5f10dbf",
       "version_major": 2,
       "version_minor": 0
      },
      "text/plain": [
       "  0%|          | 0/100 [00:00<?, ?it/s]"
      ]
     },
     "metadata": {},
     "output_type": "display_data"
    }
   ],
   "source": [
    "val_tokens, val_valid = generate_training_data(100, 69)"
   ]
  },
  {
   "cell_type": "code",
   "execution_count": null,
   "metadata": {},
   "outputs": [],
   "source": [
    "# %% Loading sample data\n",
    "full_games_tokens, full_games_board_index = load_sample_games()\n",
    "num_games = 50\n",
    "focus_games_tokens = full_games_tokens[:num_games]\n",
    "focus_games_board_index = full_games_board_index[:num_games]\n",
    "assert (TOKENS_TO_BOARD[focus_games_tokens] == focus_games_board_index).all()\n",
    "\n",
    "focus_states = move_sequence_to_state(focus_games_board_index)\n",
    "focus_valid_moves = move_sequence_to_state(focus_games_board_index, mode=\"valid\")\n",
    "\n",
    "print(\"focus states:\", focus_states.shape)\n",
    "print(\"focus_valid_moves\", focus_valid_moves.shape)\n"
   ]
  },
  {
   "attachments": {},
   "cell_type": "markdown",
   "metadata": {},
   "source": [
    "## Exploration of the model"
   ]
  },
  {
   "cell_type": "code",
   "execution_count": 5,
   "metadata": {},
   "outputs": [
    {
     "data": {
      "application/vnd.plotly.v1+json": {
       "config": {
        "plotlyServerURL": "https://plot.ly"
       },
       "data": [
        {
         "coloraxis": "coloraxis",
         "hovertemplate": "x: %{x}<br>y: %{y}<br>color: %{z}<extra></extra>",
         "name": "0",
         "type": "heatmap",
         "xaxis": "x",
         "yaxis": "y",
         "z": [
          [
           17.513540267944336,
           2.6243841648101807,
           9.96670150756836,
           1.6260459423065186,
           6.7589030265808105,
           0.8695605993270874,
           5.042131423950195,
           0.4697524905204773,
           4.1122846603393555,
           0.25564152002334595,
           3.423609733581543,
           -0.02871611714363098,
           2.8394827842712402,
           -0.25365522503852844,
           2.4201622009277344,
           -0.4780263304710388,
           2.036592960357666,
           -0.672149658203125,
           1.770055890083313,
           -0.8748620748519897,
           1.4625566005706787,
           -1.037725567817688,
           1.1692392826080322,
           -1.1885056495666504,
           0.9684839248657227,
           -1.3153116703033447,
           0.7837287187576294,
           -1.368141531944275,
           0.4760962724685669,
           -1.5160517692565918,
           0.2345365285873413,
           -1.619333267211914,
           -0.03639167547225952,
           -1.727887749671936,
           -0.2754896581172943,
           -1.8921935558319092,
           -0.492203027009964,
           -2.0505239963531494,
           -0.5574815273284912,
           -2.2049622535705566,
           -0.7144594788551331,
           -2.3084347248077393,
           -0.8675447106361389,
           -2.3650264739990234,
           -0.9399663805961609,
           -2.460803747177124,
           -1.0954862833023071,
           -2.534620761871338,
           -1.1590683460235596,
           -2.5809993743896484,
           -1.1988699436187744,
           -2.6366162300109863,
           -1.273358702659607,
           -2.70623517036438,
           -1.4010705947875977,
           -2.660292148590088,
           -1.4666650295257568,
           -2.003265380859375
          ],
          [
           2.6243841648101807,
           6.697029113769531,
           2.0254437923431396,
           5.374965667724609,
           1.4903812408447266,
           4.018211364746094,
           0.9457822442054749,
           3.3499231338500977,
           0.6096713542938232,
           2.7762560844421387,
           0.24883148074150085,
           2.3320860862731934,
           -0.10545357316732407,
           1.948422908782959,
           -0.3633195459842682,
           1.6578843593597412,
           -0.5408672094345093,
           1.4559234380722046,
           -0.6637290716171265,
           1.2427189350128174,
           -0.8089745044708252,
           1.0888431072235107,
           -0.9521472454071045,
           0.9386630654335022,
           -1.1045533418655396,
           0.826316237449646,
           -1.2645351886749268,
           0.7294793128967285,
           -1.4573966264724731,
           0.5892746448516846,
           -1.6262798309326172,
           0.4785473942756653,
           -1.7540780305862427,
           0.3300205171108246,
           -1.8945897817611694,
           0.1696794182062149,
           -2.013225555419922,
           0.033406198024749756,
           -2.1090006828308105,
           -0.09273162484169006,
           -2.2120251655578613,
           -0.18272101879119873,
           -2.2908949851989746,
           -0.29318419098854065,
           -2.346140146255493,
           -0.3114905059337616,
           -2.351616382598877,
           -0.41004684567451477,
           -2.366964101791382,
           -0.4006858468055725,
           -2.4237489700317383,
           -0.5158416032791138,
           -2.419868230819702,
           -0.5955063104629517,
           -2.450033187866211,
           -0.6630169153213501,
           -2.1709392070770264,
           -0.6385108828544617
          ],
          [
           9.96670150756836,
           2.0254437923431396,
           8.134267807006836,
           1.8965463638305664,
           6.298236846923828,
           1.4341740608215332,
           4.954995155334473,
           1.0073015689849854,
           4.125415325164795,
           0.6485572457313538,
           3.428849220275879,
           0.25765591859817505,
           2.8356454372406006,
           -0.0682150274515152,
           2.3670172691345215,
           -0.3230423927307129,
           1.9510949850082397,
           -0.5520868301391602,
           1.6733638048171997,
           -0.7791518568992615,
           1.3311594724655151,
           -0.9936398863792419,
           1.1045732498168945,
           -1.115950345993042,
           0.9657750725746155,
           -1.2018542289733887,
           0.8137456178665161,
           -1.2804220914840698,
           0.6175400614738464,
           -1.412566900253296,
           0.4263160228729248,
           -1.5326077938079834,
           0.2139785885810852,
           -1.6692695617675781,
           0.019612371921539307,
           -1.8390188217163086,
           -0.16303429007530212,
           -1.9762810468673706,
           -0.23855921626091003,
           -2.1141903400421143,
           -0.3513049781322479,
           -2.18520450592041,
           -0.4409767985343933,
           -2.248196840286255,
           -0.49485355615615845,
           -2.2721445560455322,
           -0.5827922821044922,
           -2.330496311187744,
           -0.6161283850669861,
           -2.3594939708709717,
           -0.6422821283340454,
           -2.3943963050842285,
           -0.6921107172966003,
           -2.3956055641174316,
           -0.7103797197341919,
           -2.255531072616577,
           -0.7260564565658569,
           -1.7098357677459717
          ],
          [
           1.6260459423065186,
           5.374965667724609,
           1.8965463638305664,
           5.311476230621338,
           1.7231050729751587,
           4.457040786743164,
           1.384841799736023,
           3.880192756652832,
           1.0069739818572998,
           3.2994189262390137,
           0.5978839993476868,
           2.7796008586883545,
           0.17711609601974487,
           2.3030147552490234,
           -0.15793338418006897,
           1.9420889616012573,
           -0.4109056293964386,
           1.651806116104126,
           -0.6062987446784973,
           1.3701125383377075,
           -0.8276622891426086,
           1.1255910396575928,
           -0.9852085709571838,
           0.9585392475128174,
           -1.1494035720825195,
           0.8284180164337158,
           -1.3072688579559326,
           0.7290906310081482,
           -1.4746321439743042,
           0.5817021131515503,
           -1.6579293012619019,
           0.45592933893203735,
           -1.8054561614990234,
           0.29502907395362854,
           -1.952553153038025,
           0.09510061144828796,
           -2.0796258449554443,
           -0.04879958927631378,
           -2.183809757232666,
           -0.17448830604553223,
           -2.2804629802703857,
           -0.2569541931152344,
           -2.3475801944732666,
           -0.3589319586753845,
           -2.4104387760162354,
           -0.37199753522872925,
           -2.4151406288146973,
           -0.47509244084358215,
           -2.419041633605957,
           -0.4601731300354004,
           -2.4578545093536377,
           -0.5602035522460938,
           -2.4311604499816895,
           -0.5487271547317505,
           -2.364668607711792,
           -0.5123937129974365,
           -2.000234603881836,
           -0.5767155885696411
          ],
          [
           6.7589030265808105,
           1.4903812408447266,
           6.298236846923828,
           1.7231050729751587,
           5.684476375579834,
           1.4901772737503052,
           4.815046310424805,
           1.1485044956207275,
           4.152656555175781,
           0.789298951625824,
           3.5210204124450684,
           0.3886931538581848,
           2.937018871307373,
           0.042503610253334045,
           2.462130308151245,
           -0.21861901879310608,
           2.044523239135742,
           -0.4487681984901428,
           1.748659610748291,
           -0.6660754680633545,
           1.423335313796997,
           -0.8651918768882751,
           1.2251696586608887,
           -1.0007081031799316,
           1.0626822710037231,
           -1.1135154962539673,
           0.8883111476898193,
           -1.2224572896957397,
           0.6852481365203857,
           -1.370898962020874,
           0.466715931892395,
           -1.4969499111175537,
           0.2410375475883484,
           -1.6450955867767334,
           0.045687198638916016,
           -1.8261053562164307,
           -0.13261914253234863,
           -1.9623963832855225,
           -0.2127033770084381,
           -2.099703311920166,
           -0.32403042912483215,
           -2.165475606918335,
           -0.39298146963119507,
           -2.239811658859253,
           -0.45932257175445557,
           -2.254589557647705,
           -0.5309971570968628,
           -2.3114302158355713,
           -0.5591692924499512,
           -2.3428702354431152,
           -0.5822626948356628,
           -2.3635172843933105,
           -0.6119153499603271,
           -2.3262109756469727,
           -0.5738614797592163,
           -2.0876832008361816,
           -0.49044734239578247,
           -1.4540423154830933
          ],
          [
           0.8695605993270874,
           4.018211364746094,
           1.4341740608215332,
           4.457040786743164,
           1.4901772737503052,
           4.239687919616699,
           1.3484530448913574,
           3.8664417266845703,
           1.0143346786499023,
           3.3870980739593506,
           0.6353145837783813,
           2.9044816493988037,
           0.23435674607753754,
           2.436122179031372,
           -0.09761699289083481,
           2.0698113441467285,
           -0.36386924982070923,
           1.7676246166229248,
           -0.5754021406173706,
           1.4695076942443848,
           -0.8132553100585938,
           1.201169490814209,
           -0.9675991535186768,
           1.030488133430481,
           -1.1249241828918457,
           0.8956527709960938,
           -1.260705590248108,
           0.792055606842041,
           -1.4084906578063965,
           0.6496893763542175,
           -1.5795783996582031,
           0.5200965404510498,
           -1.7179622650146484,
           0.35700365900993347,
           -1.8496216535568237,
           0.1618071049451828,
           -1.9686768054962158,
           0.03230951726436615,
           -2.0585391521453857,
           -0.08868122845888138,
           -2.151851177215576,
           -0.16117508709430695,
           -2.2080559730529785,
           -0.2557949721813202,
           -2.2744033336639404,
           -0.2797158360481262,
           -2.287628650665283,
           -0.38717830181121826,
           -2.2946536540985107,
           -0.3772313594818115,
           -2.3389296531677246,
           -0.47252851724624634,
           -2.317833185195923,
           -0.43216919898986816,
           -2.207801580429077,
           -0.36670613288879395,
           -1.8257383108139038,
           -0.40153631567955017
          ],
          [
           5.042131423950195,
           0.9457822442054749,
           4.954995155334473,
           1.384841799736023,
           4.815046310424805,
           1.3484530448913574,
           4.483676910400391,
           1.1309494972229004,
           3.928133487701416,
           0.8409725427627563,
           3.429555892944336,
           0.4742538034915924,
           2.900322914123535,
           0.14088518917560577,
           2.4559414386749268,
           -0.1217619925737381,
           2.059701442718506,
           -0.36344900727272034,
           1.7660434246063232,
           -0.5695977807044983,
           1.448337435722351,
           -0.767250120639801,
           1.2623491287231445,
           -0.9236050844192505,
           1.0837351083755493,
           -1.057535171508789,
           0.9130196571350098,
           -1.1825029850006104,
           0.702056348323822,
           -1.3280980587005615,
           0.4854188561439514,
           -1.44773530960083,
           0.2706262171268463,
           -1.5920629501342773,
           0.09492036700248718,
           -1.7579978704452515,
           -0.07240030169487,
           -1.8858237266540527,
           -0.14125597476959229,
           -2.010007381439209,
           -0.24352262914180756,
           -2.074112892150879,
           -0.31522226333618164,
           -2.146611213684082,
           -0.3823927640914917,
           -2.1668648719787598,
           -0.45125651359558105,
           -2.2313499450683594,
           -0.46986326575279236,
           -2.2542901039123535,
           -0.5001513957977295,
           -2.2636706829071045,
           -0.511984646320343,
           -2.192549228668213,
           -0.443997859954834,
           -1.8969395160675049,
           -0.2688663601875305,
           -1.1479982137680054
          ],
          [
           0.4697524905204773,
           3.3499231338500977,
           1.0073015689849854,
           3.880192756652832,
           1.1485044956207275,
           3.8664417266845703,
           1.1309494972229004,
           3.7723026275634766,
           0.9433113932609558,
           3.4408926963806152,
           0.6594381928443909,
           3.074873208999634,
           0.31049132347106934,
           2.660398006439209,
           0.005236415192484856,
           2.322997808456421,
           -0.26283568143844604,
           2.0162487030029297,
           -0.4928569793701172,
           1.708332896232605,
           -0.7446483373641968,
           1.4158540964126587,
           -0.9163775444030762,
           1.2266569137573242,
           -1.0830506086349487,
           1.0700863599777222,
           -1.219712734222412,
           0.9501373171806335,
           -1.3703778982162476,
           0.7924554347991943,
           -1.534317135810852,
           0.6476517915725708,
           -1.6755870580673218,
           0.4721626043319702,
           -1.8040376901626587,
           0.27470260858535767,
           -1.9230077266693115,
           0.1358460932970047,
           -2.0121495723724365,
           0.011294670403003693,
           -2.1210405826568604,
           -0.07852710038423538,
           -2.1942625045776367,
           -0.19785383343696594,
           -2.2853991985321045,
           -0.25329825282096863,
           -2.3238608837127686,
           -0.3805443346500397,
           -2.3498172760009766,
           -0.39726072549819946,
           -2.4107308387756348,
           -0.49710676074028015,
           -2.3949711322784424,
           -0.44711315631866455,
           -2.268104076385498,
           -0.34132328629493713,
           -1.818323016166687,
           -0.3574264645576477
          ],
          [
           4.1122846603393555,
           0.6096713542938232,
           4.125415325164795,
           1.0069739818572998,
           4.152656555175781,
           1.0143346786499023,
           3.928133487701416,
           0.9433113932609558,
           3.882692813873291,
           0.7843738794326782,
           3.5287837982177734,
           0.5204514861106873,
           3.119363307952881,
           0.23912473022937775,
           2.7292168140411377,
           -0.00860092043876648,
           2.358264684677124,
           -0.24708235263824463,
           2.0515024662017822,
           -0.46982836723327637,
           1.7416666746139526,
           -0.6907130479812622,
           1.5380735397338867,
           -0.8578455448150635,
           1.3575650453567505,
           -1.007062554359436,
           1.1851423978805542,
           -1.1518597602844238,
           0.9511916637420654,
           -1.2971247434616089,
           0.7241199612617493,
           -1.4280298948287964,
           0.4952707588672638,
           -1.575767993927002,
           0.307493656873703,
           -1.7448980808258057,
           0.14362862706184387,
           -1.8848023414611816,
           0.05816930532455444,
           -2.014665126800537,
           -0.06076964735984802,
           -2.1043429374694824,
           -0.1585054099559784,
           -2.2075276374816895,
           -0.2553198039531708,
           -2.2559146881103516,
           -0.34916776418685913,
           -2.341784954071045,
           -0.3837938904762268,
           -2.3818726539611816,
           -0.43589621782302856,
           -2.4024994373321533,
           -0.4634769558906555,
           -2.329697370529175,
           -0.41374683380126953,
           -2.0324087142944336,
           -0.2576539218425751,
           -1.3115506172180176
          ],
          [
           0.25564152002334595,
           2.7762560844421387,
           0.6485572457313538,
           3.2994189262390137,
           0.789298951625824,
           3.3870980739593506,
           0.8409725427627563,
           3.4408926963806152,
           0.7843738794326782,
           3.303889274597168,
           0.6118627190589905,
           3.059589147567749,
           0.34595948457717896,
           2.7325563430786133,
           0.08658615499734879,
           2.446594715118408,
           -0.1572851836681366,
           2.1597390174865723,
           -0.38647741079330444,
           1.8629040718078613,
           -0.6383498907089233,
           1.5634973049163818,
           -0.8286765813827515,
           1.362362027168274,
           -1.002281904220581,
           1.1972482204437256,
           -1.1399117708206177,
           1.0654586553573608,
           -1.2956750392913818,
           0.9075526595115662,
           -1.4512879848480225,
           0.759425938129425,
           -1.5868430137634277,
           0.5891939401626587,
           -1.708449363708496,
           0.40429019927978516,
           -1.8189135789871216,
           0.2663514018058777,
           -1.9027272462844849,
           0.1429269015789032,
           -2.013845920562744,
           0.04088584706187248,
           -2.103318691253662,
           -0.09486720710992813,
           -2.2119102478027344,
           -0.17399072647094727,
           -2.26936674118042,
           -0.31494277715682983,
           -2.313300371170044,
           -0.35478609800338745,
           -2.3875725269317627,
           -0.45443329215049744,
           -2.3812952041625977,
           -0.4159667193889618,
           -2.258817434310913,
           -0.3071807026863098,
           -1.7886565923690796,
           -0.25974833965301514
          ],
          [
           3.423609733581543,
           0.24883148074150085,
           3.428849220275879,
           0.5978839993476868,
           3.5210204124450684,
           0.6353145837783813,
           3.429555892944336,
           0.6594381928443909,
           3.5287837982177734,
           0.6118627190589905,
           3.4055380821228027,
           0.47195813059806824,
           3.128800392150879,
           0.28193312883377075,
           2.836254119873047,
           0.08173072338104248,
           2.521042585372925,
           -0.1370275467634201,
           2.239420175552368,
           -0.3467642068862915,
           1.9413450956344604,
           -0.579092800617218,
           1.729689359664917,
           -0.7676162719726562,
           1.5469197034835815,
           -0.9289298057556152,
           1.3718287944793701,
           -1.0903226137161255,
           1.1287248134613037,
           -1.2359257936477661,
           0.9106398820877075,
           -1.3679882287979126,
           0.694317638874054,
           -1.5083048343658447,
           0.5156028866767883,
           -1.6666765213012695,
           0.3595849871635437,
           -1.802254557609558,
           0.26714015007019043,
           -1.9366803169250488,
           0.13978123664855957,
           -2.045186758041382,
           0.019213810563087463,
           -2.1730103492736816,
           -0.10209043323993683,
           -2.2481765747070312,
           -0.21852794289588928,
           -2.355184555053711,
           -0.2766353487968445,
           -2.4110805988311768,
           -0.3553573489189148,
           -2.4326443672180176,
           -0.391806423664093,
           -2.3780977725982666,
           -0.36106806993484497,
           -2.1018316745758057,
           -0.2304742932319641,
           -1.3447017669677734
          ],
          [
           -0.02871611714363098,
           2.3320860862731934,
           0.25765591859817505,
           2.7796008586883545,
           0.3886931538581848,
           2.9044816493988037,
           0.4742538034915924,
           3.074873208999634,
           0.5204514861106873,
           3.059589147567749,
           0.47195813059806824,
           2.9933767318725586,
           0.3263419568538666,
           2.7704274654388428,
           0.147281214594841,
           2.562084197998047,
           -0.056636396795511246,
           2.3174941539764404,
           -0.26786577701568604,
           2.049503803253174,
           -0.5079101920127869,
           1.756007432937622,
           -0.7133668661117554,
           1.5473004579544067,
           -0.8930667638778687,
           1.3713566064834595,
           -1.0381877422332764,
           1.2300612926483154,
           -1.2011572122573853,
           1.0683162212371826,
           -1.352797031402588,
           0.919132649898529,
           -1.4856561422348022,
           0.7535035014152527,
           -1.602290391921997,
           0.5811822414398193,
           -1.7091704607009888,
           0.44441577792167664,
           -1.7973906993865967,
           0.3203224241733551,
           -1.9164596796035767,
           0.20274986326694489,
           -2.027407169342041,
           0.04279926419258118,
           -2.1526107788085938,
           -0.06570962071418762,
           -2.2322213649749756,
           -0.22449299693107605,
           -2.2975597381591797,
           -0.2881231904029846,
           -2.383023262023926,
           -0.3853038549423218,
           -2.3890576362609863,
           -0.37576761841773987,
           -2.276362419128418,
           -0.28664660453796387,
           -1.8401387929916382,
           -0.24591250717639923
          ],
          [
           2.8394827842712402,
           -0.10545357316732407,
           2.8356454372406006,
           0.17711609601974487,
           2.937018871307373,
           0.23435674607753754,
           2.900322914123535,
           0.31049132347106934,
           3.119363307952881,
           0.34595948457717896,
           3.128800392150879,
           0.3263419568538666,
           3.046820878982544,
           0.239624485373497,
           2.8569936752319336,
           0.10729043185710907,
           2.621419668197632,
           -0.07307453453540802,
           2.38810133934021,
           -0.25013524293899536,
           2.1260948181152344,
           -0.47806793451309204,
           1.9206318855285645,
           -0.6669992208480835,
           1.7459677457809448,
           -0.8366590142250061,
           1.5714627504348755,
           -1.0033962726593018,
           1.3326823711395264,
           -1.143468976020813,
           1.128015160560608,
           -1.2682883739471436,
           0.9196840524673462,
           -1.3986945152282715,
           0.753894031047821,
           -1.5351814031600952,
           0.6041924953460693,
           -1.6633588075637817,
           0.5130138993263245,
           -1.7928696870803833,
           0.3850973844528198,
           -1.9082571268081665,
           0.24855737388134003,
           -2.047205924987793,
           0.1152617409825325,
           -2.1404411792755127,
           -0.019403375685214996,
           -2.2562131881713867,
           -0.09283803403377533,
           -2.3241360187530518,
           -0.19443580508232117,
           -2.347291946411133,
           -0.24328115582466125,
           -2.322988271713257,
           -0.24280628561973572,
           -2.092716932296753,
           -0.17289793491363525,
           -1.3775955438613892
          ],
          [
           -0.25365522503852844,
           1.948422908782959,
           -0.0682150274515152,
           2.3030147552490234,
           0.042503610253334045,
           2.436122179031372,
           0.14088518917560577,
           2.660398006439209,
           0.23912473022937775,
           2.7325563430786133,
           0.28193312883377075,
           2.7704274654388428,
           0.239624485373497,
           2.6880557537078857,
           0.1437312811613083,
           2.5496273040771484,
           -0.004778720438480377,
           2.3679020404815674,
           -0.1804509460926056,
           2.1563668251037598,
           -0.38699424266815186,
           1.8950802087783813,
           -0.5895358324050903,
           1.6990396976470947,
           -0.7641023397445679,
           1.5250836610794067,
           -0.9150865077972412,
           1.3819583654403687,
           -1.0834999084472656,
           1.2224688529968262,
           -1.2334365844726562,
           1.0757412910461426,
           -1.3641687631607056,
           0.9207593202590942,
           -1.477792739868164,
           0.7621400952339172,
           -1.5820660591125488,
           0.629442572593689,
           -1.6731277704238892,
           0.5115273594856262,
           -1.7909908294677734,
           0.3845551609992981,
           -1.9136642217636108,
           0.21345224976539612,
           -2.0428829193115234,
           0.09323231875896454,
           -2.135559558868408,
           -0.07191634178161621,
           -2.211012840270996,
           -0.15038326382637024,
           -2.3047549724578857,
           -0.2491350769996643,
           -2.321648359298706,
           -0.27401044964790344,
           -2.236258029937744,
           -0.23484520614147186,
           -1.8733794689178467,
           -0.19669540226459503
          ],
          [
           2.4201622009277344,
           -0.3633195459842682,
           2.3670172691345215,
           -0.15793338418006897,
           2.462130308151245,
           -0.09761699289083481,
           2.4559414386749268,
           0.005236415192484856,
           2.7292168140411377,
           0.08658615499734879,
           2.836254119873047,
           0.147281214594841,
           2.8569936752319336,
           0.1437312811613083,
           2.810807228088379,
           0.07557162642478943,
           2.6523218154907227,
           -0.0504508912563324,
           2.4909605979919434,
           -0.1808183193206787,
           2.2819831371307373,
           -0.3796271085739136,
           2.09761905670166,
           -0.5588961839675903,
           1.938366413116455,
           -0.731353759765625,
           1.7599564790725708,
           -0.905511736869812,
           1.516160488128662,
           -1.0459840297698975,
           1.3128232955932617,
           -1.171994686126709,
           1.1026272773742676,
           -1.3000776767730713,
           0.9338101744651794,
           -1.4286198616027832,
           0.7866761684417725,
           -1.5504205226898193,
           0.6895991563796997,
           -1.6747677326202393,
           0.5608929991722107,
           -1.7930588722229004,
           0.4155203104019165,
           -1.9358724355697632,
           0.27955347299575806,
           -2.0354201793670654,
           0.13235194981098175,
           -2.150895833969116,
           0.05236004292964935,
           -2.2305235862731934,
           -0.07230795174837112,
           -2.253628969192505,
           -0.14558354020118713,
           -2.265498638153076,
           -0.18218576908111572,
           -2.1093714237213135,
           -0.20315447449684143,
           -1.4450998306274414
          ],
          [
           -0.4780263304710388,
           1.6578843593597412,
           -0.3230423927307129,
           1.9420889616012573,
           -0.21861901879310608,
           2.0698113441467285,
           -0.1217619925737381,
           2.322997808456421,
           -0.00860092043876648,
           2.446594715118408,
           0.08173072338104248,
           2.562084197998047,
           0.10729043185710907,
           2.5496273040771484,
           0.07557162642478943,
           2.5243399143218994,
           -0.01317846029996872,
           2.400104522705078,
           -0.1451587677001953,
           2.2550511360168457,
           -0.31168484687805176,
           2.03729510307312,
           -0.5004074573516846,
           1.8664729595184326,
           -0.6690971851348877,
           1.6922518014907837,
           -0.8271384239196777,
           1.542846441268921,
           -0.9959285259246826,
           1.3761135339736938,
           -1.1461689472198486,
           1.2257494926452637,
           -1.2796775102615356,
           1.0726921558380127,
           -1.392235279083252,
           0.9213173985481262,
           -1.4956574440002441,
           0.7875021696090698,
           -1.5854765176773071,
           0.6765435338020325,
           -1.702720284461975,
           0.5451726913452148,
           -1.8253209590911865,
           0.36898618936538696,
           -1.950789213180542,
           0.24685925245285034,
           -2.04209566116333,
           0.08633497357368469,
           -2.1202542781829834,
           -0.002816438674926758,
           -2.213641405105591,
           -0.09639361500740051,
           -2.237492799758911,
           -0.14871180057525635,
           -2.1677021980285645,
           -0.12987810373306274,
           -1.8403948545455933,
           -0.10856674611568451
          ],
          [
           2.036592960357666,
           -0.5408672094345093,
           1.9510949850082397,
           -0.4109056293964386,
           2.044523239135742,
           -0.36386924982070923,
           2.059701442718506,
           -0.26283568143844604,
           2.358264684677124,
           -0.1572851836681366,
           2.521042585372925,
           -0.056636396795511246,
           2.621419668197632,
           -0.004778720438480377,
           2.6523218154907227,
           -0.01317846029996872,
           2.6119749546051025,
           -0.0821913480758667,
           2.5146350860595703,
           -0.15728385746479034,
           2.3725409507751465,
           -0.3140071630477905,
           2.2197036743164062,
           -0.47517481446266174,
           2.0798215866088867,
           -0.6424047350883484,
           1.9044063091278076,
           -0.8167375326156616,
           1.665680170059204,
           -0.9555971622467041,
           1.4700709581375122,
           -1.0813965797424316,
           1.260902762413025,
           -1.2047921419143677,
           1.0940338373184204,
           -1.3242535591125488,
           0.95201575756073,
           -1.442845344543457,
           0.8552545309066772,
           -1.5554131269454956,
           0.7301497459411621,
           -1.6692559719085693,
           0.5868622064590454,
           -1.8042699098587036,
           0.46238845586776733,
           -1.8953720331192017,
           0.3238936960697174,
           -1.9913839101791382,
           0.24571305513381958,
           -2.0674660205841064,
           0.11498061567544937,
           -2.09075927734375,
           0.03280700743198395,
           -2.1255455017089844,
           -0.03992787003517151,
           -2.0304839611053467,
           -0.1292509138584137,
           -1.3934707641601562
          ],
          [
           -0.672149658203125,
           1.4559234380722046,
           -0.5520868301391602,
           1.651806116104126,
           -0.4487681984901428,
           1.7676246166229248,
           -0.36344900727272034,
           2.0162487030029297,
           -0.24708235263824463,
           2.1597390174865723,
           -0.1370275467634201,
           2.3174941539764404,
           -0.07307453453540802,
           2.3679020404815674,
           -0.0504508912563324,
           2.400104522705078,
           -0.0821913480758667,
           2.3954849243164062,
           -0.15483731031417847,
           2.318514585494995,
           -0.2655189633369446,
           2.172717571258545,
           -0.42530909180641174,
           2.0401270389556885,
           -0.5776820182800293,
           1.88270103931427,
           -0.7335250377655029,
           1.7390248775482178,
           -0.9029930830001831,
           1.5736199617385864,
           -1.054784893989563,
           1.4208521842956543,
           -1.1936522722244263,
           1.2704551219940186,
           -1.3155109882354736,
           1.1234766244888306,
           -1.419060230255127,
           0.9864354133605957,
           -1.514424443244934,
           0.879629373550415,
           -1.6340924501419067,
           0.7420753240585327,
           -1.751205325126648,
           0.5700582265853882,
           -1.8614614009857178,
           0.45451855659484863,
           -1.9447598457336426,
           0.30161964893341064,
           -2.018150568008423,
           0.21164023876190186,
           -2.1075332164764404,
           0.11622309684753418,
           -2.1341965198516846,
           0.03856876492500305,
           -2.089398145675659,
           0.020074665546417236,
           -1.842900037765503,
           -0.01825013756752014
          ],
          [
           1.770055890083313,
           -0.6637290716171265,
           1.6733638048171997,
           -0.6062987446784973,
           1.748659610748291,
           -0.5754021406173706,
           1.7660434246063232,
           -0.4928569793701172,
           2.0515024662017822,
           -0.38647741079330444,
           2.239420175552368,
           -0.26786577701568604,
           2.38810133934021,
           -0.1804509460926056,
           2.4909605979919434,
           -0.1451587677001953,
           2.5146350860595703,
           -0.15483731031417847,
           2.5190658569335938,
           -0.17708604037761688,
           2.4320404529571533,
           -0.28208139538764954,
           2.320842742919922,
           -0.4188062846660614,
           2.2065906524658203,
           -0.5752313137054443,
           2.0436129570007324,
           -0.7481639981269836,
           1.8138139247894287,
           -0.8870807886123657,
           1.6270160675048828,
           -1.0126322507858276,
           1.4221928119659424,
           -1.137038230895996,
           1.2551970481872559,
           -1.2498594522476196,
           1.1141672134399414,
           -1.3676964044570923,
           1.0149773359298706,
           -1.478203296661377,
           0.892270565032959,
           -1.589231014251709,
           0.750953733921051,
           -1.716545820236206,
           0.6357077360153198,
           -1.8003257513046265,
           0.5022871494293213,
           -1.8837239742279053,
           0.4241642951965332,
           -1.9604066610336304,
           0.284893661737442,
           -1.9891382455825806,
           0.18750789761543274,
           -2.0489230155944824,
           0.07670575380325317,
           -2.013519048690796,
           -0.08006876707077026,
           -1.3676825761795044
          ],
          [
           -0.8748620748519897,
           1.2427189350128174,
           -0.7791518568992615,
           1.3701125383377075,
           -0.6660754680633545,
           1.4695076942443848,
           -0.5695977807044983,
           1.708332896232605,
           -0.46982836723327637,
           1.8629040718078613,
           -0.3467642068862915,
           2.049503803253174,
           -0.25013524293899536,
           2.1563668251037598,
           -0.1808183193206787,
           2.2550511360168457,
           -0.15728385746479034,
           2.318514585494995,
           -0.17708604037761688,
